Shape: (72, 5)
[[139.78253696 121.58178078 114.93380091 116.8665682  120.90666578]
 [ 95.68590738  89.59006276  89.71107143  94.72097984  89.67470469]
 [ 56.73651532  25.94692542  32.48512387  29.5719792   27.73828192]
 [  0.           0.           0.           0.           0.        ]
 [140.29258398 119.7399134  120.30009314 122.85041693 122.74851143]
 [ 95.72761601  53.60759476  58.81332595  57.57135371  28.38576924]
 [ 23.23351558  47.48239926  21.93142227  18.04605258  19.80974763]
 [  0.           0.           0.           0.           0.        ]
 [130.12072999 106.01555558 116.64753709 106.86464286 111.45617186]
 [ 97.49185094   9.05764896   5.98164344  17.07702886  10.33150049]
 [ 27.54653195   3.14151339   2.29247389   3.46905525   2.88630158]
 [  0.           0.           0.           0.           0.        ]
 [131.31915968 130.78449051 131.6071294  129.46160527 133.62892275]
 [ 95.28804891  94.46360319  96.02218808  95.4519911   93.66522706]
 [ 27.52220932  16.22987867   8.35539697  17.76907322  61.0917995 ]
 [  0.           0.           0.           0.           0.        ]
 [125.08801352 123.67247284 125.3807253  136.42252881 128.48713316]
 [ 92.66256517  92.04648497  95.98617074  93.5465673   93.78027881]
 [ 70.26896549   5.26845456   4.85597005   8.36944516   9.295949  ]
 [  0.           0.           0.           0.           0.        ]
 [121.68415673 120.74183871 120.39921477 126.50891206 135.295133  ]
 [ 14.33876294  94.5639533   25.94463355  37.48043526  13.56904184]
 [ 34.91770417   0.           0.           0.           0.        ]
 [  0.           0.           0.           0.           0.        ]
 [148.72225482 138.62761095 142.35142407 148.22053111 148.80788291]
 [ 16.3877025    0.           0.           0.           0.        ]
 [  0.           0.           0.           0.           0.        ]
 [  0.           0.           0.           0.           0.        ]
 [142.11581699 132.08607024 137.17390838 142.6870145  138.04411046]
 [ 11.02638203   0.           0.           9.30326667   0.        ]
 [  0.           0.           0.           0.           0.        ]
 [  0.           0.           0.           0.           0.        ]
 [ 44.75661915  34.13365806  26.59700557 141.00285991  27.77820589]
 [  6.25413084   0.           0.           0.           0.        ]
 [  0.           0.           0.           0.           0.        ]
 [  0.           0.           0.           0.           0.        ]
 [  0.           0.           0.           0.           0.        ]
 [  0.           0.           0.           0.           0.        ]
 [  0.           0.           0.           0.           0.        ]
 [  0.           0.           0.           0.           0.        ]
 [  0.           0.           0.           0.           0.        ]
 [  0.           0.           0.           0.           0.        ]
 [  0.           0.           0.           0.           0.        ]
 [  0.           0.           0.           0.           0.        ]
 [  0.           0.           0.           0.           0.        ]
 [  0.           0.           0.           0.           0.        ]
 [  0.           0.           0.           0.           0.        ]
 [  0.           0.           0.           0.           0.        ]
 [  0.           0.           0.           0.           0.        ]
 [  0.           0.           0.           0.           0.        ]
 [  0.           0.           0.           0.           0.        ]
 [  0.           0.           0.           0.           0.        ]
 [  0.           0.           0.           0.           0.        ]
 [  0.           0.           0.           0.           0.        ]
 [  0.           0.           0.           0.           0.        ]
 [  0.           0.           0.           0.           0.        ]
 [  0.           0.           0.           0.           0.        ]
 [  0.           0.           0.           0.           0.        ]
 [  0.           0.           0.           0.           0.        ]
 [  0.           0.           0.           0.           0.        ]
 [  0.           0.           0.           0.           0.        ]
 [  0.           0.           0.           0.           0.        ]
 [  0.           0.           0.           0.           0.        ]
 [  0.           0.           0.           0.           0.        ]
 [  0.           0.           0.           0.           0.        ]
 [  0.           0.           0.           0.           0.        ]
 [  0.           0.           0.           0.           0.        ]
 [  0.           0.           0.           0.           0.        ]
 [  0.           0.           0.           0.           0.        ]
 [  0.           0.           0.           0.           0.        ]
 [  0.           0.           0.           0.           0.        ]
 [  0.           0.           0.           0.           0.        ]]
